
1000
(
(0 ((0 0 0) (0 0 -0)))
(0.1001 ((0 0 0) (0 0 -0)))
(0.2002 ((0 0 0) (0 0 -0)))
(0.3003 ((0 0 0) (0 0 -0)))
(0.4004 ((0 0 0) (0 0 -0)))
(0.500501 ((0 0 0) (0 0 -0)))
(0.600601 ((0 0 0) (0 0 -0)))
(0.700701 ((0 0 0) (0 0 -0)))
(0.800801 ((0 0 0) (0 0 -0)))
(0.900901 ((0 0 0) (0 0 -0)))
(1.001 ((0 0 0) (0 0 -0)))
(1.1011 ((0 0 0) (0 0 -0)))
(1.2012 ((0 0 0) (0 0 -0)))
(1.3013 ((0 0 0) (0 0 -0)))
(1.4014 ((0 0 0) (0 0 -0)))
(1.5015 ((0 0 0) (0 0 -0)))
(1.6016 ((0 0 0) (0 0 -0)))
(1.7017 ((0 0 0) (0 0 -0)))
(1.8018 ((0 0 0) (0 0 -0)))
(1.9019 ((0 0 0) (0 0 -0)))
(2.002 ((0 0 0) (0 0 -0)))
(2.1021 ((0 0 0) (0 0 -0)))
(2.2022 ((0 0 0) (0 0 -0)))
(2.3023 ((0 0 0) (0 0 -0)))
(2.4024 ((0 0 0) (0 0 -0)))
(2.5025 ((0 0 0) (0 0 -0)))
(2.6026 ((0 0 0) (0 0 -0)))
(2.7027 ((0 0 0) (0 0 -0)))
(2.8028 ((0 0 0) (0 0 -0)))
(2.9029 ((0 0 0) (0 0 -0)))
(3.003 ((0 0 0) (0 0 -0)))
(3.1031 ((0 0 0) (0 0 -0)))
(3.2032 ((0 0 0) (0 0 -0)))
(3.3033 ((0 0 0) (0 0 -0)))
(3.4034 ((0 0 0) (0 0 -0)))
(3.5035 ((0 0 0) (0 0 -0)))
(3.6036 ((0 0 0) (0 0 -0)))
(3.7037 ((0 0 0) (0 0 -0)))
(3.8038 ((0 0 0) (0 0 -0)))
(3.9039 ((0 0 0) (0 0 -0)))
(4.004 ((0 0 0) (0 0 -0)))
(4.1041 ((0 0 0) (0 0 -0)))
(4.2042 ((0 0 0) (0 0 -0)))
(4.3043 ((0 0 0) (0 0 -0)))
(4.4044 ((0 0 0) (0 0 -0)))
(4.5045 ((0 0 0) (0 0 -0)))
(4.6046 ((0 0 0) (0 0 -0)))
(4.7047 ((0 0 0) (0 0 -0)))
(4.8048 ((0 0 0) (0 0 -0)))
(4.9049 ((0 0 0) (0 0 -0)))
(5.00501 ((0 0 0) (0 0 -0)))
(5.10511 ((0 0 0) (0 0 -0)))
(5.20521 ((0 0 0) (0 0 -0)))
(5.30531 ((0 0 0) (0 0 -0)))
(5.40541 ((0 0 0) (0 0 -0)))
(5.50551 ((0 0 0) (0 0 -0)))
(5.60561 ((0 0 0) (0 0 -0)))
(5.70571 ((0 0 0) (0 0 -0)))
(5.80581 ((0 0 0) (0 0 -0)))
(5.90591 ((0 0 0) (0 0 -0)))
(6.00601 ((0 0 0) (0 0 -0)))
(6.10611 ((0 0 0) (0 0 -0)))
(6.20621 ((0 0 0) (0 0 -0)))
(6.30631 ((0 0 0) (0 0 -0)))
(6.40641 ((0 0 0) (0 0 -0)))
(6.50651 ((0 0 0) (0 0 -0)))
(6.60661 ((0 0 0) (0 0 -0)))
(6.70671 ((0 0 0) (0 0 -0)))
(6.80681 ((0 0 0) (0 0 -0)))
(6.90691 ((0 0 0) (0 0 -0)))
(7.00701 ((0 0 0) (0 0 -0)))
(7.10711 ((0 0 0) (0 0 -0)))
(7.20721 ((0 0 0) (0 0 -0)))
(7.30731 ((0 0 0) (0 0 -0)))
(7.40741 ((0 0 0) (0 0 -0)))
(7.50751 ((0 0 0) (0 0 -0)))
(7.60761 ((0 0 0) (0 0 -0)))
(7.70771 ((0 0 0) (0 0 -0)))
(7.80781 ((0 0 0) (0 0 -0)))
(7.90791 ((0 0 0) (0 0 -0)))
(8.00801 ((0 0 0) (0 0 -0)))
(8.10811 ((0 0 0) (0 0 -0)))
(8.20821 ((0 0 0) (0 0 -0)))
(8.30831 ((0 0 0) (0 0 -0)))
(8.40841 ((0 0 0) (0 0 -0)))
(8.50851 ((0 0 0) (0 0 -0)))
(8.60861 ((0 0 0) (0 0 -0)))
(8.70871 ((0 0 0) (0 0 -0)))
(8.80881 ((0 0 0) (0 0 -0)))
(8.90891 ((0 0 0) (0 0 -0)))
(9.00901 ((0 0 0) (0 0 -0)))
(9.10911 ((0 0 0) (0 0 -0)))
(9.20921 ((0 0 0) (0 0 -0)))
(9.30931 ((0 0 0) (0 0 -0)))
(9.40941 ((0 0 0) (0 0 -0)))
(9.50951 ((0 0 0) (0 0 -0)))
(9.60961 ((0 0 0) (0 0 -0)))
(9.70971 ((0 0 0) (0 0 -0)))
(9.80981 ((0 0 0) (0 0 -0)))
(9.90991 ((0 0 0) (0 0 -0)))
(10.01 ((0 0 0) (0 0 -0)))
(10.1101 ((0 0 0) (0 0 -0)))
(10.2102 ((0 0 0) (0 0 -0)))
(10.3103 ((0 0 0) (0 0 -0)))
(10.4104 ((0 0 0) (0 0 -0)))
(10.5105 ((0 0 0) (0 0 -0)))
(10.6106 ((0 0 0) (0 0 -0)))
(10.7107 ((0 0 0) (0 0 -0)))
(10.8108 ((0 0 0) (0 0 -0)))
(10.9109 ((0 0 0) (0 0 -0)))
(11.011 ((0 0 0) (0 0 -0)))
(11.1111 ((0 0 0) (0 0 -0)))
(11.2112 ((0 0 0) (0 0 -0)))
(11.3113 ((0 0 0) (0 0 -0)))
(11.4114 ((0 0 0) (0 0 -0)))
(11.5115 ((0 0 0) (0 0 -0)))
(11.6116 ((0 0 0) (0 0 -0)))
(11.7117 ((0 0 0) (0 0 -0)))
(11.8118 ((0 0 0) (0 0 -0)))
(11.9119 ((0 0 0) (0 0 -0)))
(12.012 ((0 0 0) (0 0 -0)))
(12.1121 ((0 0 0) (0 0 -0)))
(12.2122 ((0 0 0) (0 0 -0)))
(12.3123 ((0 0 0) (0 0 -0)))
(12.4124 ((0 0 0) (0 0 -0)))
(12.5125 ((0 0 0) (0 0 -0)))
(12.6126 ((0 0 0) (0 0 -0)))
(12.7127 ((0 0 0) (0 0 -0)))
(12.8128 ((0 0 0) (0 0 -0)))
(12.9129 ((0 0 0) (0 0 -0)))
(13.013 ((0 0 0) (0 0 -0)))
(13.1131 ((0 0 0) (0 0 -0)))
(13.2132 ((0 0 0) (0 0 -0)))
(13.3133 ((0 0 0) (0 0 -0)))
(13.4134 ((0 0 0) (0 0 -0)))
(13.5135 ((0 0 0) (0 0 -0)))
(13.6136 ((0 0 0) (0 0 -0)))
(13.7137 ((0 0 0) (0 0 -0)))
(13.8138 ((0 0 0) (0 0 -0)))
(13.9139 ((0 0 0) (0 0 -0)))
(14.014 ((0 0 0) (0 0 -0)))
(14.1141 ((0 0 0) (0 0 -0)))
(14.2142 ((0 0 0) (0 0 -0)))
(14.3143 ((0 0 0) (0 0 -0)))
(14.4144 ((0 0 0) (0 0 -0)))
(14.5145 ((0 0 0) (0 0 -0)))
(14.6146 ((0 0 0) (0 0 -0)))
(14.7147 ((0 0 0) (0 0 -0)))
(14.8148 ((0 0 0) (0 0 -0)))
(14.9149 ((0 0 0) (0 0 -0)))
(15.015 ((0 0 0) (0 0 -0)))
(15.1151 ((0 0 0) (0 0 -0)))
(15.2152 ((0 0 0) (0 0 -0)))
(15.3153 ((0 0 0) (0 0 -0)))
(15.4154 ((0 0 0) (0 0 -0)))
(15.5155 ((0 0 0) (0 0 -0)))
(15.6156 ((0 0 0) (0 0 -0)))
(15.7157 ((0 0 0) (0 0 -0)))
(15.8158 ((0 0 0) (0 0 -0)))
(15.9159 ((0 0 0) (0 0 -0)))
(16.016 ((0 0 0) (0 0 -0)))
(16.1161 ((0 0 0) (0 0 -0)))
(16.2162 ((0 0 0) (0 0 -0)))
(16.3163 ((0 0 0) (0 0 -0)))
(16.4164 ((0 0 0) (0 0 -0)))
(16.5165 ((0 0 0) (0 0 -0)))
(16.6166 ((0 0 0) (0 0 -0)))
(16.7167 ((0 0 0) (0 0 -0)))
(16.8168 ((0 0 0) (0 0 -0)))
(16.9169 ((0 0 0) (0 0 -0)))
(17.017 ((0 0 0) (0 0 -0)))
(17.1171 ((0 0 0) (0 0 -0)))
(17.2172 ((0 0 0) (0 0 -0)))
(17.3173 ((0 0 0) (0 0 -0)))
(17.4174 ((0 0 0) (0 0 -0)))
(17.5175 ((0 0 0) (0 0 -0)))
(17.6176 ((0 0 0) (0 0 -0)))
(17.7177 ((0 0 0) (0 0 -0)))
(17.8178 ((0 0 0) (0 0 -0)))
(17.9179 ((0 0 0) (0 0 -0)))
(18.018 ((0 0 0) (0 0 -0)))
(18.1181 ((0 0 0) (0 0 -0)))
(18.2182 ((0 0 0) (0 0 -0)))
(18.3183 ((0 0 0) (0 0 -0)))
(18.4184 ((0 0 0) (0 0 -0)))
(18.5185 ((0 0 0) (0 0 -0)))
(18.6186 ((0 0 0) (0 0 -0)))
(18.7187 ((0 0 0) (0 0 -0)))
(18.8188 ((0 0 0) (0 0 -0)))
(18.9189 ((0 0 0) (0 0 -0)))
(19.019 ((0 0 0) (0 0 -0)))
(19.1191 ((0 0 0) (0 0 -0)))
(19.2192 ((0 0 0) (0 0 -0)))
(19.3193 ((0 0 0) (0 0 -0)))
(19.4194 ((0 0 0) (0 0 -0)))
(19.5195 ((0 0 0) (0 0 -0)))
(19.6196 ((0 0 0) (0 0 -0)))
(19.7197 ((0 0 0) (0 0 -0)))
(19.8198 ((0 0 0) (0 0 -0)))
(19.9199 ((0 0 0) (0 0 -0)))
(20.02 ((0 0 0) (0 0 -0)))
(20.1201 ((0 0 0) (0 0 -0)))
(20.2202 ((0 0 0) (0 0 -0)))
(20.3203 ((0 0 0) (0 0 -0)))
(20.4204 ((0 0 0) (0 0 -0)))
(20.5205 ((0 0 0) (0 0 -0)))
(20.6206 ((0 0 0) (0 0 -0)))
(20.7207 ((0 0 0) (0 0 -0)))
(20.8208 ((0 0 0) (0 0 -0)))
(20.9209 ((0 0 0) (0 0 -0)))
(21.021 ((0 0 0) (0 0 -0)))
(21.1211 ((0 0 0) (0 0 -0)))
(21.2212 ((0 0 0) (0 0 -0)))
(21.3213 ((0 0 0) (0 0 -0)))
(21.4214 ((0 0 0) (0 0 -0)))
(21.5215 ((0 0 0) (0 0 -0)))
(21.6216 ((0 0 0) (0 0 -0)))
(21.7217 ((0 0 0) (0 0 -0)))
(21.8218 ((0 0 0) (0 0 -0)))
(21.9219 ((0 0 0) (0 0 -0)))
(22.022 ((0 0 0) (0 0 -0)))
(22.1221 ((0 0 0) (0 0 -0)))
(22.2222 ((0 0 0) (0 0 -0)))
(22.3223 ((0 0 0) (0 0 -0)))
(22.4224 ((0 0 0) (0 0 -0)))
(22.5225 ((0 0 0) (0 0 -0)))
(22.6226 ((0 0 0) (0 0 -0)))
(22.7227 ((0 0 0) (0 0 -0)))
(22.8228 ((0 0 0) (0 0 -0)))
(22.9229 ((0 0 0) (0 0 -0)))
(23.023 ((0 0 0) (0 0 -0)))
(23.1231 ((0 0 0) (0 0 -0)))
(23.2232 ((0 0 0) (0 0 -0)))
(23.3233 ((0 0 0) (0 0 -0)))
(23.4234 ((0 0 0) (0 0 -0)))
(23.5235 ((0 0 0) (0 0 -0)))
(23.6236 ((0 0 0) (0 0 -0)))
(23.7237 ((0 0 0) (0 0 -0)))
(23.8238 ((0 0 0) (0 0 -0)))
(23.9239 ((0 0 0) (0 0 -0)))
(24.024 ((0 0 0) (0 0 -0)))
(24.1241 ((0 0 0) (0 0 -0)))
(24.2242 ((0 0 0) (0 0 -0)))
(24.3243 ((0 0 0) (0 0 -0)))
(24.4244 ((0 0 0) (0 0 -0)))
(24.5245 ((0 0 0) (0 0 -0)))
(24.6246 ((0 0 0) (0 0 -0)))
(24.7247 ((0 0 0) (0 0 -0)))
(24.8248 ((0 0 0) (0 0 -0)))
(24.9249 ((0 0 0) (0 0 -0)))
(25.025 ((0 0 0) (0 0 -0)))
(25.1251 ((0 0 0) (0 0 -0)))
(25.2252 ((0 0 0) (0 0 -0)))
(25.3253 ((0 0 0) (0 0 -0)))
(25.4254 ((0 0 0) (0 0 -0)))
(25.5255 ((0 0 0) (0 0 -0)))
(25.6256 ((0 0 0) (0 0 -0)))
(25.7257 ((0 0 0) (0 0 -0)))
(25.8258 ((0 0 0) (0 0 -0)))
(25.9259 ((0 0 0) (0 0 -0)))
(26.026 ((0 0 0) (0 0 -0)))
(26.1261 ((0 0 0) (0 0 -0)))
(26.2262 ((0 0 0) (0 0 -0)))
(26.3263 ((0 0 0) (0 0 -0)))
(26.4264 ((0 0 0) (0 0 -0)))
(26.5265 ((0 0 0) (0 0 -0)))
(26.6266 ((0 0 0) (0 0 -0)))
(26.7267 ((0 0 0) (0 0 -0)))
(26.8268 ((0 0 0) (0 0 -0)))
(26.9269 ((0 0 0) (0 0 -0)))
(27.027 ((0 0 0) (0 0 -0)))
(27.1271 ((0 0 0) (0 0 -0)))
(27.2272 ((0 0 0) (0 0 -0)))
(27.3273 ((0 0 0) (0 0 -0)))
(27.4274 ((0 0 0) (0 0 -0)))
(27.5275 ((0 0 0) (0 0 -0)))
(27.6276 ((0 0 0) (0 0 -0)))
(27.7277 ((0 0 0) (0 0 -0)))
(27.8278 ((0 0 0) (0 0 -0)))
(27.9279 ((0 0 0) (0 0 -0)))
(28.028 ((0 0 0) (0 0 -0)))
(28.1281 ((0 0 0) (0 0 -0)))
(28.2282 ((0 0 0) (0 0 -0)))
(28.3283 ((0 0 0) (0 0 -0)))
(28.4284 ((0 0 0) (0 0 -0)))
(28.5285 ((0 0 0) (0 0 -0)))
(28.6286 ((0 0 0) (0 0 -0)))
(28.7287 ((0 0 0) (0 0 -0)))
(28.8288 ((0 0 0) (0 0 -0)))
(28.9289 ((0 0 0) (0 0 -0)))
(29.029 ((0 0 0) (0 0 -0)))
(29.1291 ((0 0 0) (0 0 -0)))
(29.2292 ((0 0 0) (0 0 -0)))
(29.3293 ((0 0 0) (0 0 -0)))
(29.4294 ((0 0 0) (0 0 -0)))
(29.5295 ((0 0 0) (0 0 -0)))
(29.6296 ((0 0 0) (0 0 -0)))
(29.7297 ((0 0 0) (0 0 -0)))
(29.8298 ((0 0 0) (0 0 -0)))
(29.9299 ((0 0 0) (0 0 -0)))
(30.03 ((0 0 0) (0 0 -0)))
(30.1301 ((0 0 0) (0 0 -0)))
(30.2302 ((0 0 0) (0 0 -0)))
(30.3303 ((0 0 0) (0 0 -0)))
(30.4304 ((0 0 0) (0 0 -0)))
(30.5305 ((0 0 0) (0 0 -0)))
(30.6306 ((0 0 0) (0 0 -0)))
(30.7307 ((0 0 0) (0 0 -0)))
(30.8308 ((0 0 0) (0 0 -0)))
(30.9309 ((0 0 0) (0 0 -0)))
(31.031 ((0 0 0) (0 0 -0)))
(31.1311 ((0 0 0) (0 0 -0)))
(31.2312 ((0 0 0) (0 0 -0)))
(31.3313 ((0 0 0) (0 0 -0)))
(31.4314 ((0 0 0) (0 0 0)))
(31.5315 ((0 0 0) (0 0 0)))
(31.6316 ((0 0 0) (0 0 0)))
(31.7317 ((0 0 0) (0 0 0)))
(31.8318 ((0 0 0) (0 0 0)))
(31.9319 ((0 0 0) (0 0 0)))
(32.032 ((0 0 0) (0 0 0)))
(32.1321 ((0 0 0) (0 0 0)))
(32.2322 ((0 0 0) (0 0 0)))
(32.3323 ((0 0 0) (0 0 0)))
(32.4324 ((0 0 0) (0 0 0)))
(32.5325 ((0 0 0) (0 0 0)))
(32.6326 ((0 0 0) (0 0 0)))
(32.7327 ((0 0 0) (0 0 0)))
(32.8328 ((0 0 0) (0 0 0)))
(32.9329 ((0 0 0) (0 0 0)))
(33.033 ((0 0 0) (0 0 0)))
(33.1331 ((0 0 0) (0 0 0)))
(33.2332 ((0 0 0) (0 0 0)))
(33.3333 ((0 0 0) (0 0 0)))
(33.4334 ((0 0 0) (0 0 0)))
(33.5335 ((0 0 0) (0 0 0)))
(33.6336 ((0 0 0) (0 0 0)))
(33.7337 ((0 0 0) (0 0 0)))
(33.8338 ((0 0 0) (0 0 0)))
(33.9339 ((0 0 0) (0 0 0)))
(34.034 ((0 0 0) (0 0 0)))
(34.1341 ((0 0 0) (0 0 0)))
(34.2342 ((0 0 0) (0 0 0)))
(34.3343 ((0 0 0) (0 0 0)))
(34.4344 ((0 0 0) (0 0 0)))
(34.5345 ((0 0 0) (0 0 0)))
(34.6346 ((0 0 0) (0 0 0)))
(34.7347 ((0 0 0) (0 0 0)))
(34.8348 ((0 0 0) (0 0 0)))
(34.9349 ((0 0 0) (0 0 0)))
(35.035 ((0 0 0) (0 0 0)))
(35.1351 ((0 0 0) (0 0 0)))
(35.2352 ((0 0 0) (0 0 0)))
(35.3353 ((0 0 0) (0 0 0)))
(35.4354 ((0 0 0) (0 0 0)))
(35.5355 ((0 0 0) (0 0 0)))
(35.6356 ((0 0 0) (0 0 0)))
(35.7357 ((0 0 0) (0 0 0)))
(35.8358 ((0 0 0) (0 0 0)))
(35.9359 ((0 0 0) (0 0 0)))
(36.036 ((0 0 0) (0 0 0)))
(36.1361 ((0 0 0) (0 0 0)))
(36.2362 ((0 0 0) (0 0 0)))
(36.3363 ((0 0 0) (0 0 0)))
(36.4364 ((0 0 0) (0 0 0)))
(36.5365 ((0 0 0) (0 0 0)))
(36.6366 ((0 0 0) (0 0 0)))
(36.7367 ((0 0 0) (0 0 0)))
(36.8368 ((0 0 0) (0 0 0)))
(36.9369 ((0 0 0) (0 0 0)))
(37.037 ((0 0 0) (0 0 0)))
(37.1371 ((0 0 0) (0 0 0)))
(37.2372 ((0 0 0) (0 0 0)))
(37.3373 ((0 0 0) (0 0 0)))
(37.4374 ((0 0 0) (0 0 0)))
(37.5375 ((0 0 0) (0 0 0)))
(37.6376 ((0 0 0) (0 0 0)))
(37.7377 ((0 0 0) (0 0 0)))
(37.8378 ((0 0 0) (0 0 0)))
(37.9379 ((0 0 0) (0 0 0)))
(38.038 ((0 0 0) (0 0 0)))
(38.1381 ((0 0 0) (0 0 0)))
(38.2382 ((0 0 0) (0 0 0)))
(38.3383 ((0 0 0) (0 0 0)))
(38.4384 ((0 0 0) (0 0 0)))
(38.5385 ((0 0 0) (0 0 0)))
(38.6386 ((0 0 0) (0 0 0)))
(38.7387 ((0 0 0) (0 0 0)))
(38.8388 ((0 0 0) (0 0 0)))
(38.9389 ((0 0 0) (0 0 0)))
(39.039 ((0 0 0) (0 0 0)))
(39.1391 ((0 0 0) (0 0 0)))
(39.2392 ((0 0 0) (0 0 0)))
(39.3393 ((0 0 0) (0 0 0)))
(39.4394 ((0 0 0) (0 0 0)))
(39.5395 ((0 0 0) (0 0 0)))
(39.6396 ((0 0 0) (0 0 0)))
(39.7397 ((0 0 0) (0 0 0)))
(39.8398 ((0 0 0) (0 0 0)))
(39.9399 ((0 0 0) (0 0 0)))
(40.04 ((0 0 0) (0 0 0)))
(40.1401 ((0 0 0) (0 0 0)))
(40.2402 ((0 0 0) (0 0 0)))
(40.3403 ((0 0 0) (0 0 0)))
(40.4404 ((0 0 0) (0 0 0)))
(40.5405 ((0 0 0) (0 0 0)))
(40.6406 ((0 0 0) (0 0 0)))
(40.7407 ((0 0 0) (0 0 0)))
(40.8408 ((0 0 0) (0 0 0)))
(40.9409 ((0 0 0) (0 0 0)))
(41.041 ((0 0 0) (0 0 0)))
(41.1411 ((0 0 0) (0 0 0)))
(41.2412 ((0 0 0) (0 0 0)))
(41.3413 ((0 0 0) (0 0 0)))
(41.4414 ((0 0 0) (0 0 0)))
(41.5415 ((0 0 0) (0 0 0)))
(41.6416 ((0 0 0) (0 0 0)))
(41.7417 ((0 0 0) (0 0 0)))
(41.8418 ((0 0 0) (0 0 0)))
(41.9419 ((0 0 0) (0 0 0)))
(42.042 ((0 0 0) (0 0 0)))
(42.1421 ((0 0 0) (0 0 0)))
(42.2422 ((0 0 0) (0 0 0)))
(42.3423 ((0 0 0) (0 0 0)))
(42.4424 ((0 0 0) (0 0 0)))
(42.5425 ((0 0 0) (0 0 0)))
(42.6426 ((0 0 0) (0 0 0)))
(42.7427 ((0 0 0) (0 0 0)))
(42.8428 ((0 0 0) (0 0 0)))
(42.9429 ((0 0 0) (0 0 0)))
(43.043 ((0 0 0) (0 0 0)))
(43.1431 ((0 0 0) (0 0 0)))
(43.2432 ((0 0 0) (0 0 0)))
(43.3433 ((0 0 0) (0 0 0)))
(43.4434 ((0 0 0) (0 0 0)))
(43.5435 ((0 0 0) (0 0 0)))
(43.6436 ((0 0 0) (0 0 0)))
(43.7437 ((0 0 0) (0 0 0)))
(43.8438 ((0 0 0) (0 0 0)))
(43.9439 ((0 0 0) (0 0 0)))
(44.044 ((0 0 0) (0 0 0)))
(44.1441 ((0 0 0) (0 0 0)))
(44.2442 ((0 0 0) (0 0 0)))
(44.3443 ((0 0 0) (0 0 0)))
(44.4444 ((0 0 0) (0 0 0)))
(44.5445 ((0 0 0) (0 0 0)))
(44.6446 ((0 0 0) (0 0 0)))
(44.7447 ((0 0 0) (0 0 0)))
(44.8448 ((0 0 0) (0 0 0)))
(44.9449 ((0 0 0) (0 0 0)))
(45.045 ((0 0 0) (0 0 0)))
(45.1451 ((0 0 0) (0 0 0)))
(45.2452 ((0 0 0) (0 0 0)))
(45.3453 ((0 0 0) (0 0 0)))
(45.4454 ((0 0 0) (0 0 0)))
(45.5455 ((0 0 0) (0 0 0)))
(45.6456 ((0 0 0) (0 0 0)))
(45.7457 ((0 0 0) (0 0 0)))
(45.8458 ((0 0 0) (0 0 0)))
(45.9459 ((0 0 0) (0 0 0)))
(46.046 ((0 0 0) (0 0 0)))
(46.1461 ((0 0 0) (0 0 0)))
(46.2462 ((0 0 0) (0 0 0)))
(46.3463 ((0 0 0) (0 0 0)))
(46.4464 ((0 0 0) (0 0 0)))
(46.5465 ((0 0 0) (0 0 0)))
(46.6466 ((0 0 0) (0 0 0)))
(46.7467 ((0 0 0) (0 0 0)))
(46.8468 ((0 0 0) (0 0 0)))
(46.9469 ((0 0 0) (0 0 0)))
(47.047 ((0 0 0) (0 0 0)))
(47.1471 ((0 0 0) (0 0 0)))
(47.2472 ((0 0 0) (0 0 0)))
(47.3473 ((0 0 0) (0 0 0)))
(47.4474 ((0 0 0) (0 0 0)))
(47.5475 ((0 0 0) (0 0 0)))
(47.6476 ((0 0 0) (0 0 0)))
(47.7477 ((0 0 0) (0 0 0)))
(47.8478 ((0 0 0) (0 0 0)))
(47.9479 ((0 0 0) (0 0 0)))
(48.048 ((0 0 0) (0 0 0)))
(48.1481 ((0 0 0) (0 0 0)))
(48.2482 ((0 0 0) (0 0 0)))
(48.3483 ((0 0 0) (0 0 0)))
(48.4484 ((0 0 0) (0 0 0)))
(48.5485 ((0 0 0) (0 0 0)))
(48.6486 ((0 0 0) (0 0 0)))
(48.7487 ((0 0 0) (0 0 0)))
(48.8488 ((0 0 0) (0 0 0)))
(48.9489 ((0 0 0) (0 0 0)))
(49.049 ((0 0 0) (0 0 0)))
(49.1491 ((0 0 0) (0 0 0)))
(49.2492 ((0 0 0) (0 0 0)))
(49.3493 ((0 0 0) (0 0 0)))
(49.4494 ((0 0 0) (0 0 0)))
(49.5495 ((0 0 0) (0 0 0)))
(49.6496 ((0 0 0) (0 0 0)))
(49.7497 ((0 0 0) (0 0 0)))
(49.8498 ((0 0 0) (0 0 0)))
(49.9499 ((0 0 0) (0 0 0)))
(50.0501 ((0 0 0) (0 0 0)))
(50.1502 ((0 0 0) (0 0 0)))
(50.2503 ((0 0 0) (0 0 0)))
(50.3504 ((0 0 0) (0 0 0)))
(50.4505 ((0 0 0) (0 0 0)))
(50.5506 ((0 0 0) (0 0 0)))
(50.6507 ((0 0 0) (0 0 0)))
(50.7508 ((0 0 0) (0 0 0)))
(50.8509 ((0 0 0) (0 0 0)))
(50.951 ((0 0 0) (0 0 0)))
(51.0511 ((0 0 0) (0 0 0)))
(51.1512 ((0 0 0) (0 0 0)))
(51.2513 ((0 0 0) (0 0 0)))
(51.3514 ((0 0 0) (0 0 0)))
(51.4515 ((0 0 0) (0 0 0)))
(51.5516 ((0 0 0) (0 0 0)))
(51.6517 ((0 0 0) (0 0 0)))
(51.7518 ((0 0 0) (0 0 0)))
(51.8519 ((0 0 0) (0 0 0)))
(51.952 ((0 0 0) (0 0 0)))
(52.0521 ((0 0 0) (0 0 0)))
(52.1522 ((0 0 0) (0 0 0)))
(52.2523 ((0 0 0) (0 0 0)))
(52.3524 ((0 0 0) (0 0 0)))
(52.4525 ((0 0 0) (0 0 0)))
(52.5526 ((0 0 0) (0 0 0)))
(52.6527 ((0 0 0) (0 0 0)))
(52.7528 ((0 0 0) (0 0 0)))
(52.8529 ((0 0 0) (0 0 0)))
(52.953 ((0 0 0) (0 0 0)))
(53.0531 ((0 0 0) (0 0 0)))
(53.1532 ((0 0 0) (0 0 0)))
(53.2533 ((0 0 0) (0 0 0)))
(53.3534 ((0 0 0) (0 0 0)))
(53.4535 ((0 0 0) (0 0 0)))
(53.5536 ((0 0 0) (0 0 0)))
(53.6537 ((0 0 0) (0 0 0)))
(53.7538 ((0 0 0) (0 0 0)))
(53.8539 ((0 0 0) (0 0 0)))
(53.954 ((0 0 0) (0 0 0)))
(54.0541 ((0 0 0) (0 0 0)))
(54.1542 ((0 0 0) (0 0 0)))
(54.2543 ((0 0 0) (0 0 0)))
(54.3544 ((0 0 0) (0 0 0)))
(54.4545 ((0 0 0) (0 0 0)))
(54.5546 ((0 0 0) (0 0 0)))
(54.6547 ((0 0 0) (0 0 0)))
(54.7548 ((0 0 0) (0 0 0)))
(54.8549 ((0 0 0) (0 0 0)))
(54.955 ((0 0 0) (0 0 0)))
(55.0551 ((0 0 0) (0 0 0)))
(55.1552 ((0 0 0) (0 0 0)))
(55.2553 ((0 0 0) (0 0 0)))
(55.3554 ((0 0 0) (0 0 0)))
(55.4555 ((0 0 0) (0 0 0)))
(55.5556 ((0 0 0) (0 0 0)))
(55.6557 ((0 0 0) (0 0 0)))
(55.7558 ((0 0 0) (0 0 0)))
(55.8559 ((0 0 0) (0 0 0)))
(55.956 ((0 0 0) (0 0 0)))
(56.0561 ((0 0 0) (0 0 0)))
(56.1562 ((0 0 0) (0 0 0)))
(56.2563 ((0 0 0) (0 0 0)))
(56.3564 ((0 0 0) (0 0 0)))
(56.4565 ((0 0 0) (0 0 0)))
(56.5566 ((0 0 0) (0 0 0)))
(56.6567 ((0 0 0) (0 0 0)))
(56.7568 ((0 0 0) (0 0 0)))
(56.8569 ((0 0 0) (0 0 0)))
(56.957 ((0 0 0) (0 0 0)))
(57.0571 ((0 0 0) (0 0 0)))
(57.1572 ((0 0 0) (0 0 0)))
(57.2573 ((0 0 0) (0 0 0)))
(57.3574 ((0 0 0) (0 0 0)))
(57.4575 ((0 0 0) (0 0 0)))
(57.5576 ((0 0 0) (0 0 0)))
(57.6577 ((0 0 0) (0 0 0)))
(57.7578 ((0 0 0) (0 0 0)))
(57.8579 ((0 0 0) (0 0 0)))
(57.958 ((0 0 0) (0 0 0)))
(58.0581 ((0 0 0) (0 0 0)))
(58.1582 ((0 0 0) (0 0 0)))
(58.2583 ((0 0 0) (0 0 0)))
(58.3584 ((0 0 0) (0 0 0)))
(58.4585 ((0 0 0) (0 0 0)))
(58.5586 ((0 0 0) (0 0 0)))
(58.6587 ((0 0 0) (0 0 0)))
(58.7588 ((0 0 0) (0 0 0)))
(58.8589 ((0 0 0) (0 0 0)))
(58.959 ((0 0 0) (0 0 0)))
(59.0591 ((0 0 0) (0 0 0)))
(59.1592 ((0 0 0) (0 0 0)))
(59.2593 ((0 0 0) (0 0 0)))
(59.3594 ((0 0 0) (0 0 0)))
(59.4595 ((0 0 0) (0 0 0)))
(59.5596 ((0 0 0) (0 0 0)))
(59.6597 ((0 0 0) (0 0 0)))
(59.7598 ((0 0 0) (0 0 0)))
(59.8599 ((0 0 0) (0 0 0)))
(59.96 ((0 0 0) (0 0 0)))
(60.0601 ((0 0 0) (0 0 0)))
(60.1602 ((0 0 0) (0 0 0)))
(60.2603 ((0 0 0) (0 0 0)))
(60.3604 ((0 0 0) (0 0 0)))
(60.4605 ((0 0 0) (0 0 0)))
(60.5606 ((0 0 0) (0 0 0)))
(60.6607 ((0 0 0) (0 0 0)))
(60.7608 ((0 0 0) (0 0 0)))
(60.8609 ((0 0 0) (0 0 0)))
(60.961 ((0 0 0) (0 0 0)))
(61.0611 ((0 0 0) (0 0 0)))
(61.1612 ((0 0 0) (0 0 0)))
(61.2613 ((0 0 0) (0 0 0)))
(61.3614 ((0 0 0) (0 0 0)))
(61.4615 ((0 0 0) (0 0 0)))
(61.5616 ((0 0 0) (0 0 0)))
(61.6617 ((0 0 0) (0 0 0)))
(61.7618 ((0 0 0) (0 0 0)))
(61.8619 ((0 0 0) (0 0 0)))
(61.962 ((0 0 0) (0 0 0)))
(62.0621 ((0 0 0) (0 0 0)))
(62.1622 ((0 0 0) (0 0 0)))
(62.2623 ((0 0 0) (0 0 0)))
(62.3624 ((0 0 0) (0 0 0)))
(62.4625 ((0 0 0) (0 0 0)))
(62.5626 ((0 0 0) (0 0 0)))
(62.6627 ((0 0 0) (0 0 0)))
(62.7628 ((0 0 0) (0 0 0)))
(62.8629 ((0 0 0) (0 0 -0)))
(62.963 ((0 0 0) (0 0 -0)))
(63.0631 ((0 0 0) (0 0 -0)))
(63.1632 ((0 0 0) (0 0 -0)))
(63.2633 ((0 0 0) (0 0 -0)))
(63.3634 ((0 0 0) (0 0 -0)))
(63.4635 ((0 0 0) (0 0 -0)))
(63.5636 ((0 0 0) (0 0 -0)))
(63.6637 ((0 0 0) (0 0 -0)))
(63.7638 ((0 0 0) (0 0 -0)))
(63.8639 ((0 0 0) (0 0 -0)))
(63.964 ((0 0 0) (0 0 -0)))
(64.0641 ((0 0 0) (0 0 -0)))
(64.1642 ((0 0 0) (0 0 -0)))
(64.2643 ((0 0 0) (0 0 -0)))
(64.3644 ((0 0 0) (0 0 -0)))
(64.4645 ((0 0 0) (0 0 -0)))
(64.5646 ((0 0 0) (0 0 -0)))
(64.6647 ((0 0 0) (0 0 -0)))
(64.7648 ((0 0 0) (0 0 -0)))
(64.8649 ((0 0 0) (0 0 -0)))
(64.965 ((0 0 0) (0 0 -0)))
(65.0651 ((0 0 0) (0 0 -0)))
(65.1652 ((0 0 0) (0 0 -0)))
(65.2653 ((0 0 0) (0 0 -0)))
(65.3654 ((0 0 0) (0 0 -0)))
(65.4655 ((0 0 0) (0 0 -0)))
(65.5656 ((0 0 0) (0 0 -0)))
(65.6657 ((0 0 0) (0 0 -0)))
(65.7658 ((0 0 0) (0 0 -0)))
(65.8659 ((0 0 0) (0 0 -0)))
(65.966 ((0 0 0) (0 0 -0)))
(66.0661 ((0 0 0) (0 0 -0)))
(66.1662 ((0 0 0) (0 0 -0)))
(66.2663 ((0 0 0) (0 0 -0)))
(66.3664 ((0 0 0) (0 0 -0)))
(66.4665 ((0 0 0) (0 0 -0)))
(66.5666 ((0 0 0) (0 0 -0)))
(66.6667 ((0 0 0) (0 0 -0)))
(66.7668 ((0 0 0) (0 0 -0)))
(66.8669 ((0 0 0) (0 0 -0)))
(66.967 ((0 0 0) (0 0 -0)))
(67.0671 ((0 0 0) (0 0 -0)))
(67.1672 ((0 0 0) (0 0 -0)))
(67.2673 ((0 0 0) (0 0 -0)))
(67.3674 ((0 0 0) (0 0 -0)))
(67.4675 ((0 0 0) (0 0 -0)))
(67.5676 ((0 0 0) (0 0 -0)))
(67.6677 ((0 0 0) (0 0 -0)))
(67.7678 ((0 0 0) (0 0 -0)))
(67.8679 ((0 0 0) (0 0 -0)))
(67.968 ((0 0 0) (0 0 -0)))
(68.0681 ((0 0 0) (0 0 -0)))
(68.1682 ((0 0 0) (0 0 -0)))
(68.2683 ((0 0 0) (0 0 -0)))
(68.3684 ((0 0 0) (0 0 -0)))
(68.4685 ((0 0 0) (0 0 -0)))
(68.5686 ((0 0 0) (0 0 -0)))
(68.6687 ((0 0 0) (0 0 -0)))
(68.7688 ((0 0 0) (0 0 -0)))
(68.8689 ((0 0 0) (0 0 -0)))
(68.969 ((0 0 0) (0 0 -0)))
(69.0691 ((0 0 0) (0 0 -0)))
(69.1692 ((0 0 0) (0 0 -0)))
(69.2693 ((0 0 0) (0 0 -0)))
(69.3694 ((0 0 0) (0 0 -0)))
(69.4695 ((0 0 0) (0 0 -0)))
(69.5696 ((0 0 0) (0 0 -0)))
(69.6697 ((0 0 0) (0 0 -0)))
(69.7698 ((0 0 0) (0 0 -0)))
(69.8699 ((0 0 0) (0 0 -0)))
(69.97 ((0 0 0) (0 0 -0)))
(70.0701 ((0 0 0) (0 0 -0)))
(70.1702 ((0 0 0) (0 0 -0)))
(70.2703 ((0 0 0) (0 0 -0)))
(70.3704 ((0 0 0) (0 0 -0)))
(70.4705 ((0 0 0) (0 0 -0)))
(70.5706 ((0 0 0) (0 0 -0)))
(70.6707 ((0 0 0) (0 0 -0)))
(70.7708 ((0 0 0) (0 0 -0)))
(70.8709 ((0 0 0) (0 0 -0)))
(70.971 ((0 0 0) (0 0 -0)))
(71.0711 ((0 0 0) (0 0 -0)))
(71.1712 ((0 0 0) (0 0 -0)))
(71.2713 ((0 0 0) (0 0 -0)))
(71.3714 ((0 0 0) (0 0 -0)))
(71.4715 ((0 0 0) (0 0 -0)))
(71.5716 ((0 0 0) (0 0 -0)))
(71.6717 ((0 0 0) (0 0 -0)))
(71.7718 ((0 0 0) (0 0 -0)))
(71.8719 ((0 0 0) (0 0 -0)))
(71.972 ((0 0 0) (0 0 -0)))
(72.0721 ((0 0 0) (0 0 -0)))
(72.1722 ((0 0 0) (0 0 -0)))
(72.2723 ((0 0 0) (0 0 -0)))
(72.3724 ((0 0 0) (0 0 -0)))
(72.4725 ((0 0 0) (0 0 -0)))
(72.5726 ((0 0 0) (0 0 -0)))
(72.6727 ((0 0 0) (0 0 -0)))
(72.7728 ((0 0 0) (0 0 -0)))
(72.8729 ((0 0 0) (0 0 -0)))
(72.973 ((0 0 0) (0 0 -0)))
(73.0731 ((0 0 0) (0 0 -0)))
(73.1732 ((0 0 0) (0 0 -0)))
(73.2733 ((0 0 0) (0 0 -0)))
(73.3734 ((0 0 0) (0 0 -0)))
(73.4735 ((0 0 0) (0 0 -0)))
(73.5736 ((0 0 0) (0 0 -0)))
(73.6737 ((0 0 0) (0 0 -0)))
(73.7738 ((0 0 0) (0 0 -0)))
(73.8739 ((0 0 0) (0 0 -0)))
(73.974 ((0 0 0) (0 0 -0)))
(74.0741 ((0 0 0) (0 0 -0)))
(74.1742 ((0 0 0) (0 0 -0)))
(74.2743 ((0 0 0) (0 0 -0)))
(74.3744 ((0 0 0) (0 0 -0)))
(74.4745 ((0 0 0) (0 0 -0)))
(74.5746 ((0 0 0) (0 0 -0)))
(74.6747 ((0 0 0) (0 0 -0)))
(74.7748 ((0 0 0) (0 0 -0)))
(74.8749 ((0 0 0) (0 0 -0)))
(74.975 ((0 0 0) (0 0 -0)))
(75.0751 ((0 0 0) (0 0 -0)))
(75.1752 ((0 0 0) (0 0 -0)))
(75.2753 ((0 0 0) (0 0 -0)))
(75.3754 ((0 0 0) (0 0 -0)))
(75.4755 ((0 0 0) (0 0 -0)))
(75.5756 ((0 0 0) (0 0 -0)))
(75.6757 ((0 0 0) (0 0 -0)))
(75.7758 ((0 0 0) (0 0 -0)))
(75.8759 ((0 0 0) (0 0 -0)))
(75.976 ((0 0 0) (0 0 -0)))
(76.0761 ((0 0 0) (0 0 -0)))
(76.1762 ((0 0 0) (0 0 -0)))
(76.2763 ((0 0 0) (0 0 -0)))
(76.3764 ((0 0 0) (0 0 -0)))
(76.4765 ((0 0 0) (0 0 -0)))
(76.5766 ((0 0 0) (0 0 -0)))
(76.6767 ((0 0 0) (0 0 -0)))
(76.7768 ((0 0 0) (0 0 -0)))
(76.8769 ((0 0 0) (0 0 -0)))
(76.977 ((0 0 0) (0 0 -0)))
(77.0771 ((0 0 0) (0 0 -0)))
(77.1772 ((0 0 0) (0 0 -0)))
(77.2773 ((0 0 0) (0 0 -0)))
(77.3774 ((0 0 0) (0 0 -0)))
(77.4775 ((0 0 0) (0 0 -0)))
(77.5776 ((0 0 0) (0 0 -0)))
(77.6777 ((0 0 0) (0 0 -0)))
(77.7778 ((0 0 0) (0 0 -0)))
(77.8779 ((0 0 0) (0 0 -0)))
(77.978 ((0 0 0) (0 0 -0)))
(78.0781 ((0 0 0) (0 0 -0)))
(78.1782 ((0 0 0) (0 0 -0)))
(78.2783 ((0 0 0) (0 0 -0)))
(78.3784 ((0 0 0) (0 0 -0)))
(78.4785 ((0 0 0) (0 0 -0)))
(78.5786 ((0 0 0) (0 0 -0)))
(78.6787 ((0 0 0) (0 0 -0)))
(78.7788 ((0 0 0) (0 0 -0)))
(78.8789 ((0 0 0) (0 0 -0)))
(78.979 ((0 0 0) (0 0 -0)))
(79.0791 ((0 0 0) (0 0 -0)))
(79.1792 ((0 0 0) (0 0 -0)))
(79.2793 ((0 0 0) (0 0 -0)))
(79.3794 ((0 0 0) (0 0 -0)))
(79.4795 ((0 0 0) (0 0 -0)))
(79.5796 ((0 0 0) (0 0 -0)))
(79.6797 ((0 0 0) (0 0 -0)))
(79.7798 ((0 0 0) (0 0 -0)))
(79.8799 ((0 0 0) (0 0 -0)))
(79.98 ((0 0 0) (0 0 -0)))
(80.0801 ((0 0 0) (0 0 -0)))
(80.1802 ((0 0 0) (0 0 -0)))
(80.2803 ((0 0 0) (0 0 -0)))
(80.3804 ((0 0 0) (0 0 -0)))
(80.4805 ((0 0 0) (0 0 -0)))
(80.5806 ((0 0 0) (0 0 -0)))
(80.6807 ((0 0 0) (0 0 -0)))
(80.7808 ((0 0 0) (0 0 -0)))
(80.8809 ((0 0 0) (0 0 -0)))
(80.981 ((0 0 0) (0 0 -0)))
(81.0811 ((0 0 0) (0 0 -0)))
(81.1812 ((0 0 0) (0 0 -0)))
(81.2813 ((0 0 0) (0 0 -0)))
(81.3814 ((0 0 0) (0 0 -0)))
(81.4815 ((0 0 0) (0 0 -0)))
(81.5816 ((0 0 0) (0 0 -0)))
(81.6817 ((0 0 0) (0 0 -0)))
(81.7818 ((0 0 0) (0 0 -0)))
(81.8819 ((0 0 0) (0 0 -0)))
(81.982 ((0 0 0) (0 0 -0)))
(82.0821 ((0 0 0) (0 0 -0)))
(82.1822 ((0 0 0) (0 0 -0)))
(82.2823 ((0 0 0) (0 0 -0)))
(82.3824 ((0 0 0) (0 0 -0)))
(82.4825 ((0 0 0) (0 0 -0)))
(82.5826 ((0 0 0) (0 0 -0)))
(82.6827 ((0 0 0) (0 0 -0)))
(82.7828 ((0 0 0) (0 0 -0)))
(82.8829 ((0 0 0) (0 0 -0)))
(82.983 ((0 0 0) (0 0 -0)))
(83.0831 ((0 0 0) (0 0 -0)))
(83.1832 ((0 0 0) (0 0 -0)))
(83.2833 ((0 0 0) (0 0 -0)))
(83.3834 ((0 0 0) (0 0 -0)))
(83.4835 ((0 0 0) (0 0 -0)))
(83.5836 ((0 0 0) (0 0 -0)))
(83.6837 ((0 0 0) (0 0 -0)))
(83.7838 ((0 0 0) (0 0 -0)))
(83.8839 ((0 0 0) (0 0 -0)))
(83.984 ((0 0 0) (0 0 -0)))
(84.0841 ((0 0 0) (0 0 -0)))
(84.1842 ((0 0 0) (0 0 -0)))
(84.2843 ((0 0 0) (0 0 -0)))
(84.3844 ((0 0 0) (0 0 -0)))
(84.4845 ((0 0 0) (0 0 -0)))
(84.5846 ((0 0 0) (0 0 -0)))
(84.6847 ((0 0 0) (0 0 -0)))
(84.7848 ((0 0 0) (0 0 -0)))
(84.8849 ((0 0 0) (0 0 -0)))
(84.985 ((0 0 0) (0 0 -0)))
(85.0851 ((0 0 0) (0 0 -0)))
(85.1852 ((0 0 0) (0 0 -0)))
(85.2853 ((0 0 0) (0 0 -0)))
(85.3854 ((0 0 0) (0 0 -0)))
(85.4855 ((0 0 0) (0 0 -0)))
(85.5856 ((0 0 0) (0 0 -0)))
(85.6857 ((0 0 0) (0 0 -0)))
(85.7858 ((0 0 0) (0 0 -0)))
(85.8859 ((0 0 0) (0 0 -0)))
(85.986 ((0 0 0) (0 0 -0)))
(86.0861 ((0 0 0) (0 0 -0)))
(86.1862 ((0 0 0) (0 0 -0)))
(86.2863 ((0 0 0) (0 0 -0)))
(86.3864 ((0 0 0) (0 0 -0)))
(86.4865 ((0 0 0) (0 0 -0)))
(86.5866 ((0 0 0) (0 0 -0)))
(86.6867 ((0 0 0) (0 0 -0)))
(86.7868 ((0 0 0) (0 0 -0)))
(86.8869 ((0 0 0) (0 0 -0)))
(86.987 ((0 0 0) (0 0 -0)))
(87.0871 ((0 0 0) (0 0 -0)))
(87.1872 ((0 0 0) (0 0 -0)))
(87.2873 ((0 0 0) (0 0 -0)))
(87.3874 ((0 0 0) (0 0 -0)))
(87.4875 ((0 0 0) (0 0 -0)))
(87.5876 ((0 0 0) (0 0 -0)))
(87.6877 ((0 0 0) (0 0 -0)))
(87.7878 ((0 0 0) (0 0 -0)))
(87.8879 ((0 0 0) (0 0 -0)))
(87.988 ((0 0 0) (0 0 -0)))
(88.0881 ((0 0 0) (0 0 -0)))
(88.1882 ((0 0 0) (0 0 -0)))
(88.2883 ((0 0 0) (0 0 -0)))
(88.3884 ((0 0 0) (0 0 -0)))
(88.4885 ((0 0 0) (0 0 -0)))
(88.5886 ((0 0 0) (0 0 -0)))
(88.6887 ((0 0 0) (0 0 -0)))
(88.7888 ((0 0 0) (0 0 -0)))
(88.8889 ((0 0 0) (0 0 -0)))
(88.989 ((0 0 0) (0 0 -0)))
(89.0891 ((0 0 0) (0 0 -0)))
(89.1892 ((0 0 0) (0 0 -0)))
(89.2893 ((0 0 0) (0 0 -0)))
(89.3894 ((0 0 0) (0 0 -0)))
(89.4895 ((0 0 0) (0 0 -0)))
(89.5896 ((0 0 0) (0 0 -0)))
(89.6897 ((0 0 0) (0 0 -0)))
(89.7898 ((0 0 0) (0 0 -0)))
(89.8899 ((0 0 0) (0 0 -0)))
(89.99 ((0 0 0) (0 0 -0)))
(90.0901 ((0 0 0) (0 0 -0)))
(90.1902 ((0 0 0) (0 0 -0)))
(90.2903 ((0 0 0) (0 0 -0)))
(90.3904 ((0 0 0) (0 0 -0)))
(90.4905 ((0 0 0) (0 0 -0)))
(90.5906 ((0 0 0) (0 0 -0)))
(90.6907 ((0 0 0) (0 0 -0)))
(90.7908 ((0 0 0) (0 0 -0)))
(90.8909 ((0 0 0) (0 0 -0)))
(90.991 ((0 0 0) (0 0 -0)))
(91.0911 ((0 0 0) (0 0 -0)))
(91.1912 ((0 0 0) (0 0 -0)))
(91.2913 ((0 0 0) (0 0 -0)))
(91.3914 ((0 0 0) (0 0 -0)))
(91.4915 ((0 0 0) (0 0 -0)))
(91.5916 ((0 0 0) (0 0 -0)))
(91.6917 ((0 0 0) (0 0 -0)))
(91.7918 ((0 0 0) (0 0 -0)))
(91.8919 ((0 0 0) (0 0 -0)))
(91.992 ((0 0 0) (0 0 -0)))
(92.0921 ((0 0 0) (0 0 -0)))
(92.1922 ((0 0 0) (0 0 -0)))
(92.2923 ((0 0 0) (0 0 -0)))
(92.3924 ((0 0 0) (0 0 -0)))
(92.4925 ((0 0 0) (0 0 -0)))
(92.5926 ((0 0 0) (0 0 -0)))
(92.6927 ((0 0 0) (0 0 -0)))
(92.7928 ((0 0 0) (0 0 -0)))
(92.8929 ((0 0 0) (0 0 -0)))
(92.993 ((0 0 0) (0 0 -0)))
(93.0931 ((0 0 0) (0 0 -0)))
(93.1932 ((0 0 0) (0 0 -0)))
(93.2933 ((0 0 0) (0 0 -0)))
(93.3934 ((0 0 0) (0 0 -0)))
(93.4935 ((0 0 0) (0 0 -0)))
(93.5936 ((0 0 0) (0 0 -0)))
(93.6937 ((0 0 0) (0 0 -0)))
(93.7938 ((0 0 0) (0 0 -0)))
(93.8939 ((0 0 0) (0 0 -0)))
(93.994 ((0 0 0) (0 0 -0)))
(94.0941 ((0 0 0) (0 0 -0)))
(94.1942 ((0 0 0) (0 0 -0)))
(94.2943 ((0 0 0) (0 0 0)))
(94.3944 ((0 0 0) (0 0 0)))
(94.4945 ((0 0 0) (0 0 0)))
(94.5946 ((0 0 0) (0 0 0)))
(94.6947 ((0 0 0) (0 0 0)))
(94.7948 ((0 0 0) (0 0 0)))
(94.8949 ((0 0 0) (0 0 0)))
(94.995 ((0 0 0) (0 0 0)))
(95.0951 ((0 0 0) (0 0 0)))
(95.1952 ((0 0 0) (0 0 0)))
(95.2953 ((0 0 0) (0 0 0)))
(95.3954 ((0 0 0) (0 0 0)))
(95.4955 ((0 0 0) (0 0 0)))
(95.5956 ((0 0 0) (0 0 0)))
(95.6957 ((0 0 0) (0 0 0)))
(95.7958 ((0 0 0) (0 0 0)))
(95.8959 ((0 0 0) (0 0 0)))
(95.996 ((0 0 0) (0 0 0)))
(96.0961 ((0 0 0) (0 0 0)))
(96.1962 ((0 0 0) (0 0 0)))
(96.2963 ((0 0 0) (0 0 0)))
(96.3964 ((0 0 0) (0 0 0)))
(96.4965 ((0 0 0) (0 0 0)))
(96.5966 ((0 0 0) (0 0 0)))
(96.6967 ((0 0 0) (0 0 0)))
(96.7968 ((0 0 0) (0 0 0)))
(96.8969 ((0 0 0) (0 0 0)))
(96.997 ((0 0 0) (0 0 0)))
(97.0971 ((0 0 0) (0 0 0)))
(97.1972 ((0 0 0) (0 0 0)))
(97.2973 ((0 0 0) (0 0 0)))
(97.3974 ((0 0 0) (0 0 0)))
(97.4975 ((0 0 0) (0 0 0)))
(97.5976 ((0 0 0) (0 0 0)))
(97.6977 ((0 0 0) (0 0 0)))
(97.7978 ((0 0 0) (0 0 0)))
(97.8979 ((0 0 0) (0 0 0)))
(97.998 ((0 0 0) (0 0 0)))
(98.0981 ((0 0 0) (0 0 0)))
(98.1982 ((0 0 0) (0 0 0)))
(98.2983 ((0 0 0) (0 0 0)))
(98.3984 ((0 0 0) (0 0 0)))
(98.4985 ((0 0 0) (0 0 0)))
(98.5986 ((0 0 0) (0 0 0)))
(98.6987 ((0 0 0) (0 0 0)))
(98.7988 ((0 0 0) (0 0 0)))
(98.8989 ((0 0 0) (0 0 0)))
(98.999 ((0 0 0) (0 0 0)))
(99.0991 ((0 0 0) (0 0 0)))
(99.1992 ((0 0 0) (0 0 0)))
(99.2993 ((0 0 0) (0 0 0)))
(99.3994 ((0 0 0) (0 0 0)))
(99.4995 ((0 0 0) (0 0 0)))
(99.5996 ((0 0 0) (0 0 0)))
(99.6997 ((0 0 0) (0 0 0)))
(99.7998 ((0 0 0) (0 0 0)))
(99.8999 ((0 0 0) (0 0 0)))
(100 ((0 0 0) (0 0 0)))
)

